1468974874 1728
1468975019 9973
1468976128 11451
1468977851 12071
1469501480 12074
1469505148 12213
1469505274 12196
1469505397 12214
1469505481 12261
1469506341 12348
1469506411 12349
1469506553 12353
1469507120 12377
1469507818 12443
1469511371 12480
1469511811 12528
1469512003 12533
1469512308 12529
1469512418 12543
1469512641 12593
1469513146 12623
1469513366 12656
1469513480 12662
1469514092 12719
1469514103 12269
1469515123 12363
1469515168 12363
1469516234 12439
1469516755 12489
1469516843 12490
1469517130 12535
1469517219 12545
1469517532 12567
1469524777 12736
1469595606 12818
1469595876 12816
1469596001 12816
1469596311 12836
1469596430 12841
1469597376 12867
1469597467 12872
1469599200 12935
1469600043 12940
1469600413 12936
1469601525 12942
1469602039 12945
1469603932 12993
1469604292 13011
1469605783 13575
1469667705 13575
1469670626 13575
1469674815 13680
1469676507 13678
1469676598 13677
1469677676 13592
1469678048 13535
1469678758 13538
1469678794 13540
1469679073 13570
1469679085 13582
1469679477 13571
1469680591 13597
1469693124 13592
1469694839 13621
1469697749 13671
1469697773 13671
1469697856 13673
1469698006 13675
1469698586 13675
1469760894 13648
1469761034 13653
1469761076 13653
1469761412 13662
1469762576 13742
1469764175 13788
1469764257 13793
1469765397 13788
1469766697 13851
1469767044 13958
1469767706 14028
1469767831 14068
1469940991 14060
1469942989 14077
1470022952 14078
1470022972 14514
1470023098 14642
1470047385 14693
1470089346 14693
